0 0.7766393442622951 0.6721311475409836 0.06147540983606557 0.2540983606557377
0 0.2725409836065574 0.6905737704918032 0.045081967213114756 0.12704918032786885
0 0.05942622950819672 0.6659836065573771 0.0778688524590164 0.24180327868852458
0 0.6352459016393442 0.5389344262295082 0.03278688524590164 0.11885245901639344
0 0.8565573770491803 0.6413934426229508 0.05737704918032787 0.22540983606557377
0 0.17008196721311475 0.6516393442622951 0.06147540983606557 0.27049180327868855
0 0.4262295081967213 0.6762295081967213 0.05737704918032787 0.26229508196721313
0 0.9508196721311475 0.6516393442622951 0.05737704918032787 0.1721311475409836
0 0.764344262295082 0.6680327868852459 0.0778688524590164 0.26229508196721313
0 0.35040983606557374 0.6536885245901639 0.05327868852459016 0.1762295081967213
0 0.3401639344262295 0.6557377049180327 0.040983606557377046 0.16393442622950818
